10008 48 20014 
7362 20 14722 
5911 12 11820 
7521 22 15040 
7034 19 14066 
6268 17 12534 
7009 22 14016 
5778 16 11554 
1520 1 3038 
4983 12 9964 
7961 22 15920 
6827 16 13652 
9309 29 18616 
5417 10 10832 
3666 6 7330 
8103 32 16204 
7096 31 14190 
9416 56 18830 
5840 25 11678 
1895 2 3788 
2838 6 5674 
7718 71 15434 
8900 33 17798 
580 0 1158 
8177 52 16352 
9702 67 19402 
5003 17 10004 
4660 16 9318 
2255 4 4508 
3031 6 6060 
7294 19 14586 
9391 41 18780 
7892 20 15782 
8020 20 16038 
7456 18 14910 
5082 8 10162 
5900 11 11798 
4117 5 8232 
3270 3 6538 
1387 1 2772 
3104 4 6206 
8695 24 17388 
8352 22 16702 
5670 10 11338 
6446 14 12890 
2078 2 4154 
102 0 201 
5381 10 10760 
7502 19 15002 
6560 14 13118 
7637 19 15272 
6283 14 12564 
356 0 710 
5153 9 10304 
1860 1 3718 
2616 2 5230 
4918 9 9834 
3349 4 6696 
9919 33 19836 
3557 5 7112 
2127 1 4252 
2427 2 4852 
8498 22 16994 
2758 2 5514 
9296 26 18590 
8189 20 16376 
2426 2 4850 
1492 1 2982 
7230 16 14458 
7274 16 14546 
